{"producer":{"name":"Blender","version":"2.78 (sub 0)","exporter_version":"5.4.2","file":"turtle.babylon"},
"autoClear":true,"clearColor":[0.0509,0.0509,0.0509],"ambientColor":[0,0,0],"gravity":[0,-9.81,0],
"materials":[],
"multiMaterials":[],
"skeletons":[{"name":"Armature","id":0,"dimensionsAtRest":[1.75,0.1823,1.9891],"bones":[
{"name":"Bone","index":0,"matrix":[0.9884,0.1518,0,0,0.0022,-0.0141,0.9999,0,-0.1517,0.9883,0.0143,0,0,0.0096,-0.3949,1],"rest":[1,0,0,0,0,-0.0143,0.9999,0,0,0.9999,0.0143,0,0,0.0096,-0.3949,1],"parentBoneIndex":-1,"length":0.7579
,"animation":{"dataType":3,"framePerSecond":24,"keys":[
{"frame":1,"values":[1,0,0,0,0,-0.0143,0.9999,0,0,0.9999,0.0143,0,0,0.0096,-0.3949,1]},
{"frame":71,"values":[1,0.0022,0,0,0,-0.0143,0.9999,0,-0.0022,0.9999,0.0143,0,0,0.0096,-0.3949,1]},
{"frame":72,"values":[1,0.0089,0,0,0.0001,-0.0143,0.9999,0,-0.0089,0.9999,0.0143,0,0,0.0096,-0.3949,1]},
{"frame":73,"values":[0.9998,0.0201,0,0,0.0003,-0.0143,0.9999,0,-0.0201,0.9997,0.0143,0,0,0.0096,-0.3949,1]},
{"frame":74,"values":[0.9994,0.0352,0,0,0.0005,-0.0143,0.9999,0,-0.0352,0.9993,0.0143,0,0,0.0096,-0.3949,1]},
{"frame":75,"values":[0.9986,0.0536,0,0,0.0008,-0.0143,0.9999,0,-0.0536,0.9985,0.0143,0,0,0.0096,-0.3949,1]},
{"frame":76,"values":[0.9972,0.0742,0,0,0.0011,-0.0143,0.9999,0,-0.0742,0.9971,0.0143,0,0,0.0096,-0.3949,1]},
{"frame":77,"values":[0.9954,0.0955,0,0,0.0014,-0.0142,0.9999,0,-0.0955,0.9953,0.0143,0,0,0.0096,-0.3949,1]},
{"frame":78,"values":[0.9932,0.116,0,0,0.0017,-0.0142,0.9999,0,-0.116,0.9931,0.0143,0,0,0.0096,-0.3949,1]},
{"frame":79,"values":[0.9909,0.1343,0,0,0.0019,-0.0142,0.9999,0,-0.1343,0.9908,0.0143,0,0,0.0096,-0.3949,1]},
{"frame":80,"values":[0.9888,0.1493,0,0,0.0021,-0.0141,0.9999,0,-0.1493,0.9887,0.0143,0,0,0.0096,-0.3949,1]},
{"frame":81,"values":[0.9871,0.1604,0,0,0.0023,-0.0141,0.9999,0,-0.1603,0.987,0.0143,0,0,0.0096,-0.3949,1]},
{"frame":82,"values":[0.986,0.167,0,0,0.0024,-0.0141,0.9999,0,-0.167,0.9859,0.0143,0,0,0.0096,-0.3949,1]},
{"frame":83,"values":[0.9856,0.1693,0,0,0.0024,-0.0141,0.9999,0,-0.1693,0.9855,0.0143,0,0,0.0096,-0.3949,1]},
{"frame":84,"values":[0.9863,0.165,0,0,0.0024,-0.0141,0.9999,0,-0.1649,0.9862,0.0143,0,0,0.0096,-0.3949,1]},
{"frame":85,"values":[0.9884,0.1518,0,0,0.0022,-0.0141,0.9999,0,-0.1517,0.9883,0.0143,0,0,0.0096,-0.3949,1]},
{"frame":86,"values":[0.9916,0.1296,0,0,0.0019,-0.0142,0.9999,0,-0.1296,0.9915,0.0143,0,0,0.0096,-0.3949,1]},
{"frame":87,"values":[0.9951,0.0989,0,0,0.0014,-0.0142,0.9999,0,-0.0989,0.995,0.0143,0,0,0.0096,-0.3949,1]},
{"frame":88,"values":[0.9982,0.0605,0,0,0.0009,-0.0143,0.9999,0,-0.0605,0.9981,0.0143,0,0,0.0096,-0.3949,1]},
{"frame":89,"values":[0.9999,0.0159,0,0,0.0002,-0.0143,0.9999,0,-0.0159,0.9998,0.0143,0,0,0.0096,-0.3949,1]},
{"frame":90,"values":[0.9995,-0.0327,0,0,-0.0005,-0.0143,0.9999,0,0.0327,0.9994,0.0143,0,0,0.0096,-0.3949,1]},
{"frame":91,"values":[0.9966,-0.0826,0,0,-0.0012,-0.0143,0.9999,0,0.0826,0.9965,0.0143,0,0,0.0096,-0.3949,1]},
{"frame":92,"values":[0.9914,-0.1309,0,0,-0.0019,-0.0142,0.9999,0,0.1309,0.9913,0.0143,0,0,0.0096,-0.3949,1]},
{"frame":93,"values":[0.9846,-0.175,0,0,-0.0025,-0.0141,0.9999,0,0.175,0.9845,0.0143,0,0,0.0096,-0.3949,1]},
{"frame":94,"values":[0.9771,-0.2128,0,0,-0.003,-0.014,0.9999,0,0.2128,0.977,0.0143,0,0,0.0096,-0.3949,1]},
{"frame":95,"values":[0.97,-0.2429,0,0,-0.0035,-0.0139,0.9999,0,0.2429,0.9699,0.0143,0,0,0.0096,-0.3949,1]},
{"frame":96,"values":[0.9644,-0.2646,0,0,-0.0038,-0.0138,0.9999,0,0.2646,0.9643,0.0143,0,0,0.0096,-0.3949,1]},
{"frame":97,"values":[0.9607,-0.2775,0,0,-0.004,-0.0137,0.9999,0,0.2775,0.9606,0.0143,0,0,0.0096,-0.3949,1]},
{"frame":98,"values":[0.9595,-0.2818,0,0,-0.004,-0.0137,0.9999,0,0.2817,0.9594,0.0143,0,0,0.0096,-0.3949,1]},
{"frame":99,"values":[0.9607,-0.2776,0,0,-0.004,-0.0137,0.9999,0,0.2775,0.9606,0.0143,0,0,0.0096,-0.3949,1]},
{"frame":100,"values":[0.9643,-0.2648,0,0,-0.0038,-0.0138,0.9999,0,0.2648,0.9642,0.0143,0,0,0.0096,-0.3949,1]},
{"frame":101,"values":[0.9698,-0.2437,0,0,-0.0035,-0.0139,0.9999,0,0.2437,0.9697,0.0143,0,0,0.0096,-0.3949,1]},
{"frame":102,"values":[0.9766,-0.215,0,0,-0.0031,-0.014,0.9999,0,0.215,0.9765,0.0143,0,0,0.0096,-0.3949,1]},
{"frame":103,"values":[0.9836,-0.1803,0,0,-0.0026,-0.0141,0.9999,0,0.1803,0.9835,0.0143,0,0,0.0096,-0.3949,1]},
{"frame":104,"values":[0.9898,-0.1423,0,0,-0.002,-0.0142,0.9999,0,0.1423,0.9897,0.0143,0,0,0.0096,-0.3949,1]},
{"frame":105,"values":[0.9946,-0.104,0,0,-0.0015,-0.0142,0.9999,0,0.104,0.9945,0.0143,0,0,0.0096,-0.3949,1]},
{"frame":106,"values":[0.9976,-0.0688,0,0,-0.001,-0.0143,0.9999,0,0.0688,0.9975,0.0143,0,0,0.0096,-0.3949,1]},
{"frame":107,"values":[0.9992,-0.0394,0,0,-0.0006,-0.0143,0.9999,0,0.0394,0.9991,0.0143,0,0,0.0096,-0.3949,1]},
{"frame":108,"values":[0.9998,-0.0176,0,0,-0.0003,-0.0143,0.9999,0,0.0176,0.9997,0.0143,0,0,0.0096,-0.3949,1]},
{"frame":109,"values":[1,-0.0044,0,0,-0.0001,-0.0143,0.9999,0,0.0044,0.9999,0.0143,0,0,0.0096,-0.3949,1]},
{"frame":110,"values":[1,0,0,0,0,-0.0143,0.9999,0,0,0.9999,0.0143,0,0,0.0096,-0.3949,1]},
{"frame":120,"values":[1,0,0,0,0,-0.0143,0.9999,0,0,0.9999,0.0143,0,0,0.0096,-0.3949,1]}],"loopBehavior":1,"name":"anim","property":"_matrix"}},
{"name":"Bone.001","index":1,"matrix":[-0.5748,-0.0153,-0.8182,0,0.198,-0.9727,-0.1209,0,-0.794,-0.2315,0.5621,0,0.2923,-0.0182,-0.1028,1],"rest":[-0.0901,0.0785,-0.9928,0,0.8092,-0.5753,-0.119,0,-0.5805,-0.8141,-0.0116,0,0.2923,-0.0182,-0.1028,1],"parentBoneIndex":0,"length":0.7201
,"animation":{"dataType":3,"framePerSecond":24,"keys":[
{"frame":1,"values":[-0.0901,0.0785,-0.9928,0,0.8092,-0.5753,-0.119,0,-0.5805,-0.8141,-0.0116,0,0.2923,-0.0182,-0.1028,1]},
{"frame":2,"values":[-0.0901,0.0785,-0.9928,0,0.8098,-0.5745,-0.1189,0,-0.5798,-0.8147,-0.0118,0,0.2923,-0.0182,-0.1028,1]},
{"frame":3,"values":[-0.0901,0.0785,-0.9928,0,0.8115,-0.5721,-0.1189,0,-0.5774,-0.8164,-0.0121,0,0.2923,-0.0182,-0.1028,1]},
{"frame":4,"values":[-0.0902,0.0785,-0.9928,0,0.8144,-0.5681,-0.1188,0,-0.5733,-0.8192,-0.0127,0,0.2923,-0.0182,-0.1028,1]},
{"frame":5,"values":[-0.0902,0.0784,-0.9928,0,0.8183,-0.5623,-0.1188,0,-0.5676,-0.8232,-0.0135,0,0.2923,-0.0182,-0.1028,1]},
{"frame":6,"values":[-0.0902,0.0784,-0.9928,0,0.8234,-0.5549,-0.1186,0,-0.5602,-0.8282,-0.0145,0,0.2923,-0.0182,-0.1028,1]},
{"frame":7,"values":[-0.0902,0.0784,-0.9928,0,0.8296,-0.5457,-0.1185,0,-0.5511,-0.8343,-0.0158,0,0.2923,-0.0182,-0.1028,1]},
{"frame":8,"values":[-0.0903,0.0783,-0.9928,0,0.8367,-0.5347,-0.1182,0,-0.5401,-0.8414,-0.0172,0,0.2923,-0.0182,-0.1028,1]},
{"frame":9,"values":[-0.0904,0.0782,-0.9928,0,0.8448,-0.5218,-0.118,0,-0.5273,-0.8495,-0.0189,0,0.2923,-0.0182,-0.1028,1]},
{"frame":10,"values":[-0.0905,0.078,-0.9928,0,0.8538,-0.5071,-0.1176,0,-0.5126,-0.8583,-0.0207,0,0.2923,-0.0182,-0.1028,1]},
{"frame":11,"values":[-0.0906,0.0778,-0.9928,0,0.8636,-0.4904,-0.1172,0,-0.496,-0.868,-0.0228,0,0.2923,-0.0182,-0.1028,1]},
{"frame":12,"values":[-0.0907,0.0776,-0.9929,0,0.8739,-0.4718,-0.1167,0,-0.4775,-0.8783,-0.025,0,0.2923,-0.0182,-0.1028,1]},
{"frame":13,"values":[-0.0909,0.0772,-0.9929,0,0.8848,-0.4512,-0.1161,0,-0.4569,-0.8891,-0.0273,0,0.2923,-0.0182,-0.1028,1]},
{"frame":14,"values":[-0.0911,0.0769,-0.9929,0,0.8961,-0.4285,-0.1154,0,-0.4344,-0.9002,-0.0298,0,0.2923,-0.0182,-0.1028,1]},
{"frame":15,"values":[-0.0913,0.0764,-0.9929,0,0.9076,-0.4039,-0.1146,0,-0.4098,-0.9116,-0.0324,0,0.2923,-0.0182,-0.1028,1]},
{"frame":16,"values":[-0.0916,0.0758,-0.9929,0,0.9191,-0.3773,-0.1136,0,-0.3832,-0.923,-0.0351,0,0.2923,-0.0182,-0.1028,1]},
{"frame":17,"values":[-0.0919,0.0752,-0.9929,0,0.9304,-0.3488,-0.1125,0,-0.3548,-0.9342,-0.0379,0,0.2923,-0.0182,-0.1028,1]},
{"frame":18,"values":[-0.0923,0.0744,-0.993,0,0.9414,-0.3184,-0.1113,0,-0.3244,-0.945,-0.0406,0,0.2923,-0.0182,-0.1028,1]},
{"frame":19,"values":[-0.0926,0.0735,-0.993,0,0.9518,-0.2862,-0.11,0,-0.2923,-0.9553,-0.0434,0,0.2923,-0.0182,-0.1028,1]},
{"frame":20,"values":[-0.093,0.0724,-0.993,0,0.9615,-0.2525,-0.1085,0,-0.2585,-0.9649,-0.0462,0,0.2923,-0.0182,-0.1028,1]},
{"frame":21,"values":[-0.0934,0.0712,-0.9931,0,0.9703,-0.2172,-0.1068,0,-0.2233,-0.9735,-0.0488,0,0.2923,-0.0182,-0.1028,1]},
{"frame":22,"values":[-0.0938,0.0699,-0.9931,0,0.9779,-0.1808,-0.1051,0,-0.1869,-0.981,-0.0514,0,0.2923,-0.0182,-0.1028,1]},
{"frame":23,"values":[-0.0942,0.0684,-0.9932,0,0.9843,-0.1433,-0.1033,0,-0.1494,-0.9873,-0.0538,0,0.2923,-0.0182,-0.1028,1]},
{"frame":24,"values":[-0.0947,0.0667,-0.9933,0,0.9893,-0.105,-0.1013,0,-0.1111,-0.9922,-0.056,0,0.2923,-0.0182,-0.1028,1]},
{"frame":25,"values":[-0.0951,0.0648,-0.9934,0,0.9928,-0.0662,-0.0994,0,-0.0722,-0.9957,-0.058,0,0.2923,-0.0182,-0.1028,1]},
{"frame":26,"values":[-0.0955,0.0627,-0.9935,0,0.9949,-0.0272,-0.0973,0,-0.0331,-0.9977,-0.0598,0,0.2923,-0.0182,-0.1028,1]},
{"frame":27,"values":[-0.0959,0.0604,-0.9936,0,0.9954,0.0117,-0.0953,0,0.0059,-0.9981,-0.0613,0,0.2923,-0.0182,-0.1028,1]},
{"frame":28,"values":[-0.0962,0.058,-0.9937,0,0.9944,0.0503,-0.0933,0,0.0446,-0.997,-0.0625,0,0.2923,-0.0182,-0.1028,1]},
{"frame":29,"values":[-0.0965,0.0553,-0.9938,0,0.9919,0.0883,-0.0914,0,0.0827,-0.9946,-0.0634,0,0.2923,-0.0182,-0.1028,1]},
{"frame":30,"values":[-0.0968,0.0525,-0.9939,0,0.9881,0.1254,-0.0896,0,0.1199,-0.9907,-0.064,0,0.2923,-0.0182,-0.1028,1]},
{"frame":31,"values":[-0.097,0.0494,-0.9941,0,0.983,0.1614,-0.0879,0,0.1561,-0.9857,-0.0642,0,0.2923,-0.0182,-0.1028,1]},
{"frame":32,"values":[-0.0972,0.0462,-0.9942,0,0.9768,0.196,-0.0864,0,0.1909,-0.9795,-0.0641,0,0.2923,-0.0182,-0.1028,1]},
{"frame":33,"values":[-0.0973,0.0427,-0.9943,0,0.9697,0.2291,-0.085,0,0.2242,-0.9725,-0.0637,0,0.2923,-0.0182,-0.1028,1]},
{"frame":34,"values":[-0.0973,0.0391,-0.9945,0,0.9618,0.2605,-0.0839,0,0.2558,-0.9647,-0.063,0,0.2923,-0.0182,-0.1028,1]},
{"frame":35,"values":[-0.0973,0.0353,-0.9946,0,0.9534,0.2901,-0.083,0,0.2856,-0.9563,-0.0619,0,0.2923,-0.0182,-0.1028,1]},
{"frame":36,"values":[-0.0973,0.0313,-0.9948,0,0.9446,0.3178,-0.0824,0,0.3136,-0.9476,-0.0605,0,0.2923,-0.0182,-0.1028,1]},
{"frame":37,"values":[-0.0972,0.0272,-0.9949,0,0.9355,0.3436,-0.082,0,0.3396,-0.9387,-0.0588,0,0.2923,-0.0182,-0.1028,1]},
{"frame":38,"values":[-0.0971,0.0229,-0.995,0,0.9265,0.3673,-0.0819,0,0.3636,-0.9298,-0.0568,0,0.2923,-0.0182,-0.1028,1]},
{"frame":39,"values":[-0.0969,0.0184,-0.9951,0,0.9176,0.3889,-0.0822,0,0.3855,-0.9211,-0.0546,0,0.2923,-0.0182,-0.1028,1]},
{"frame":40,"values":[-0.0967,0.0138,-0.9952,0,0.909,0.4086,-0.0827,0,0.4055,-0.9126,-0.052,0,0.2923,-0.0182,-0.1028,1]},
{"frame":41,"values":[-0.0965,0.009,-0.9953,0,0.9008,0.4262,-0.0835,0,0.4234,-0.9046,-0.0492,0,0.2923,-0.0182,-0.1028,1]},
{"frame":42,"values":[-0.0963,0.004,-0.9953,0,0.8931,0.4418,-0.0846,0,0.4394,-0.8971,-0.0461,0,0.2923,-0.0182,-0.1028,1]},
{"frame":43,"values":[-0.0961,-0.0011,-0.9954,0,0.8861,0.4554,-0.086,0,0.4534,-0.8903,-0.0428,0,0.2923,-0.0182,-0.1028,1]},
{"frame":44,"values":[-0.0959,-0.0064,-0.9954,0,0.8799,0.467,-0.0878,0,0.4654,-0.8842,-0.0392,0,0.2923,-0.0182,-0.1028,1]},
{"frame":45,"values":[-0.0957,-0.0118,-0.9953,0,0.8744,0.4768,-0.0898,0,0.4756,-0.8789,-0.0353,0,0.2923,-0.0182,-0.1028,1]},
{"frame":46,"values":[-0.0956,-0.0173,-0.9953,0,0.8699,0.4847,-0.092,0,0.484,-0.8745,-0.0313,0,0.2923,-0.0182,-0.1028,1]},
{"frame":47,"values":[-0.0956,-0.0231,-0.9952,0,0.8662,0.4907,-0.0946,0,0.4905,-0.871,-0.0269,0,0.2923,-0.0182,-0.1028,1]},
{"frame":48,"values":[-0.0956,-0.0289,-0.995,0,0.8635,0.4949,-0.0973,0,0.4953,-0.8684,-0.0223,0,0.2923,-0.0182,-0.1028,1]},
{"frame":49,"values":[-0.0957,-0.0349,-0.9948,0,0.8617,0.4974,-0.1004,0,0.4983,-0.8668,-0.0175,0,0.2923,-0.0182,-0.1028,1]},
{"frame":50,"values":[-0.0959,-0.0411,-0.9945,0,0.8609,0.4981,-0.1036,0,0.4997,-0.8661,-0.0124,0,0.2923,-0.0182,-0.1028,1]},
{"frame":51,"values":[-0.098,-0.0491,-0.994,0,0.8645,0.4905,-0.1094,0,0.4929,-0.8701,-0.0056,0,0.2923,-0.0182,-0.1028,1]},
{"frame":52,"values":[-0.1039,-0.0606,-0.9927,0,0.876,0.4672,-0.1202,0,0.4711,-0.8821,0.0046,0,0.2923,-0.0182,-0.1028,1]},
{"frame":53,"values":[-0.1143,-0.0755,-0.9906,0,0.8942,0.4267,-0.1357,0,0.4329,-0.9012,0.0188,0,0.2923,-0.0182,-0.1028,1]},
{"frame":54,"values":[-0.1299,-0.0934,-0.9871,0,0.9171,0.3672,-0.1554,0,0.377,-0.9255,0.0379,0,0.2923,-0.0182,-0.1028,1]},
{"frame":55,"values":[-0.1517,-0.1133,-0.9819,0,0.9413,0.2865,-0.1785,0,0.3016,-0.9513,0.0632,0,0.2923,-0.0182,-0.1028,1]},
{"frame":56,"values":[-0.1805,-0.1339,-0.9744,0,0.9618,0.1835,-0.2033,0,0.206,-0.9739,0.0956,0,0.2923,-0.0182,-0.1028,1]},
{"frame":57,"values":[-0.2165,-0.1528,-0.9642,0,0.972,0.0584,-0.2275,0,0.0911,-0.9865,0.1359,0,0.2923,-0.0182,-0.1028,1]},
{"frame":58,"values":[-0.2593,-0.1675,-0.9511,0,0.965,-0.085,-0.2482,0,-0.0393,-0.9822,0.1837,0,0.2923,-0.0182,-0.1028,1]},
{"frame":59,"values":[-0.3072,-0.1754,-0.9353,0,0.9348,-0.2396,-0.2621,0,-0.1782,-0.9549,0.2376,0,0.2923,-0.0182,-0.1028,1]},
{"frame":60,"values":[-0.3571,-0.1746,-0.9176,0,0.879,-0.395,-0.2669,0,-0.3159,-0.9019,0.2945,0,0.2923,-0.0182,-0.1028,1]},
{"frame":61,"values":[-0.4055,-0.1647,-0.8991,0,0.7999,-0.5399,-0.2619,0,-0.4423,-0.8254,0.3507,0,0.2923,-0.0182,-0.1028,1]},
{"frame":62,"values":[-0.4493,-0.1471,-0.8812,0,0.7044,-0.6651,-0.2481,0,-0.5496,-0.7321,0.4024,0,0.2923,-0.0182,-0.1028,1]},
{"frame":63,"values":[-0.4861,-0.1245,-0.865,0,0.6018,-0.7654,-0.228,0,-0.6337,-0.6314,0.447,0,0.2923,-0.0182,-0.1028,1]},
{"frame":64,"values":[-0.5152,-0.0999,-0.8512,0,0.5014,-0.8406,-0.2049,0,-0.695,-0.5324,0.4832,0,0.2923,-0.0182,-0.1028,1]},
{"frame":65,"values":[-0.5371,-0.076,-0.8401,0,0.4106,-0.8935,-0.1817,0,-0.7368,-0.4426,0.5111,0,0.2923,-0.0182,-0.1028,1]},
{"frame":66,"values":[-0.5527,-0.0549,-0.8316,0,0.3341,-0.9287,-0.1608,0,-0.7635,-0.3667,0.5316,0,0.2923,-0.0182,-0.1028,1]},
{"frame":67,"values":[-0.5633,-0.0377,-0.8254,0,0.2741,-0.9509,-0.1436,0,-0.7795,-0.3071,0.546,0,0.2923,-0.0182,-0.1028,1]},
{"frame":68,"values":[-0.57,-0.0253,-0.8213,0,0.2315,-0.964,-0.131,0,-0.7884,-0.2648,0.5553,0,0.2923,-0.0182,-0.1028,1]},
{"frame":69,"values":[-0.5736,-0.0178,-0.8189,0,0.2063,-0.9707,-0.1234,0,-0.7927,-0.2398,0.5605,0,0.2923,-0.0182,-0.1028,1]},
{"frame":70,"values":[-0.5748,-0.0153,-0.8182,0,0.198,-0.9727,-0.1209,0,-0.794,-0.2315,0.5621,0,0.2923,-0.0182,-0.1028,1]},
{"frame":111,"values":[-0.5654,-0.0174,-0.8247,0,0.213,-0.9689,-0.1256,0,-0.7969,-0.2467,0.5515,0,0.2923,-0.0182,-0.1028,1]},
{"frame":112,"values":[-0.5362,-0.0226,-0.8438,0,0.2586,-0.956,-0.1387,0,-0.8035,-0.2926,0.5184,0,0.2923,-0.0182,-0.1028,1]},
{"frame":113,"values":[-0.4863,-0.0275,-0.8734,0,0.3332,-0.9298,-0.1563,0,-0.8078,-0.3671,0.4613,0,0.2923,-0.0182,-0.1028,1]},
{"frame":114,"values":[-0.4174,-0.0269,-0.9083,0,0.4304,-0.8862,-0.1716,0,-0.8004,-0.4625,0.3814,0,0.2923,-0.0182,-0.1028,1]},
{"frame":115,"values":[-0.3362,-0.0162,-0.9416,0,0.5368,-0.8248,-0.1775,0,-0.7738,-0.5652,0.2861,0,0.2923,-0.0182,-0.1028,1]},
{"frame":116,"values":[-0.2543,0.0047,-0.9671,0,0.6361,-0.7525,-0.1709,0,-0.7285,-0.6586,0.1883,0,0.2923,-0.0182,-0.1028,1]},
{"frame":117,"values":[-0.1833,0.0312,-0.9826,0,0.7153,-0.6814,-0.1551,0,-0.6744,-0.7312,0.1026,0,0.2923,-0.0182,-0.1028,1]},
{"frame":118,"values":[-0.1311,0.0558,-0.9898,0,0.7694,-0.6239,-0.1371,0,-0.6251,-0.7795,0.0389,0,0.2923,-0.0182,-0.1028,1]},
{"frame":119,"values":[-0.1002,0.0726,-0.9923,0,0.7997,-0.5875,-0.1238,0,-0.592,-0.8059,0.0008,0,0.2923,-0.0182,-0.1028,1]},
{"frame":120,"values":[-0.0901,0.0785,-0.9928,0,0.8092,-0.5753,-0.119,0,-0.5805,-0.8141,-0.0116,0,0.2923,-0.0182,-0.1028,1]}],"loopBehavior":1,"name":"anim","property":"_matrix"}},
{"name":"Bone.002","index":2,"matrix":[0.7125,-0.0799,-0.6971,0,-0.3006,-0.9325,-0.2003,0,-0.634,0.3523,-0.6884,0,-0.2923,-0.0182,-0.1028,1],"rest":[0.0901,0.0785,-0.9928,0,-0.8092,-0.5753,-0.119,0,-0.5805,0.8141,0.0116,0,-0.2923,-0.0182,-0.1028,1],"parentBoneIndex":0,"length":0.7201
,"animation":{"dataType":3,"framePerSecond":24,"keys":[
{"frame":1,"values":[0.0901,0.0785,-0.9928,0,-0.8092,-0.5753,-0.119,0,-0.5805,0.8141,0.0116,0,-0.2923,-0.0182,-0.1028,1]},
{"frame":2,"values":[0.0901,0.0785,-0.9928,0,-0.8097,-0.5746,-0.1189,0,-0.5798,0.8147,0.0118,0,-0.2923,-0.0182,-0.1028,1]},
{"frame":3,"values":[0.0901,0.0785,-0.9928,0,-0.8113,-0.5724,-0.1189,0,-0.5776,0.8162,0.0121,0,-0.2923,-0.0182,-0.1028,1]},
{"frame":4,"values":[0.0902,0.0785,-0.9928,0,-0.814,-0.5686,-0.1189,0,-0.5738,0.8189,0.0126,0,-0.2923,-0.0182,-0.1028,1]},
{"frame":5,"values":[0.0902,0.0784,-0.9928,0,-0.8177,-0.5633,-0.1188,0,-0.5686,0.8225,0.0134,0,-0.2923,-0.0182,-0.1028,1]},
{"frame":6,"values":[0.0902,0.0784,-0.9928,0,-0.8224,-0.5564,-0.1187,0,-0.5617,0.8272,0.0143,0,-0.2923,-0.0182,-0.1028,1]},
{"frame":7,"values":[0.0902,0.0784,-0.9928,0,-0.8281,-0.5479,-0.1185,0,-0.5532,0.8329,0.0155,0,-0.2923,-0.0182,-0.1028,1]},
{"frame":8,"values":[0.0903,0.0783,-0.9928,0,-0.8348,-0.5377,-0.1183,0,-0.5431,0.8395,0.0168,0,-0.2923,-0.0182,-0.1028,1]},
{"frame":9,"values":[0.0903,0.0782,-0.9928,0,-0.8424,-0.5258,-0.1181,0,-0.5313,0.847,0.0183,0,-0.2923,-0.0182,-0.1028,1]},
{"frame":10,"values":[0.0904,0.078,-0.9928,0,-0.8507,-0.5122,-0.1178,0,-0.5178,0.8553,0.0201,0,-0.2923,-0.0182,-0.1028,1]},
{"frame":11,"values":[0.0905,0.0779,-0.9928,0,-0.8598,-0.4969,-0.1174,0,-0.5025,0.8643,0.0219,0,-0.2923,-0.0182,-0.1028,1]},
{"frame":12,"values":[0.0907,0.0776,-0.9928,0,-0.8696,-0.4798,-0.1169,0,-0.4854,0.874,0.024,0,-0.2923,-0.0182,-0.1028,1]},
{"frame":13,"values":[0.0909,0.0773,-0.9929,0,-0.8798,-0.4608,-0.1164,0,-0.4665,0.8841,0.0262,0,-0.2923,-0.0182,-0.1028,1]},
{"frame":14,"values":[0.091,0.077,-0.9929,0,-0.8905,-0.4401,-0.1158,0,-0.4459,0.8947,0.0285,0,-0.2923,-0.0182,-0.1028,1]},
{"frame":15,"values":[0.0913,0.0765,-0.9929,0,-0.9014,-0.4175,-0.115,0,-0.4234,0.9054,0.0309,0,-0.2923,-0.0182,-0.1028,1]},
{"frame":16,"values":[0.0915,0.076,-0.9929,0,-0.9123,-0.3932,-0.1142,0,-0.3991,0.9163,0.0334,0,-0.2923,-0.0182,-0.1028,1]},
{"frame":17,"values":[0.0918,0.0754,-0.9929,0,-0.9232,-0.3671,-0.1133,0,-0.3731,0.9271,0.0359,0,-0.2923,-0.0182,-0.1028,1]},
{"frame":18,"values":[0.0921,0.0747,-0.9929,0,-0.9339,-0.3394,-0.1122,0,-0.3454,0.9377,0.0385,0,-0.2923,-0.0182,-0.1028,1]},
{"frame":19,"values":[0.0925,0.0739,-0.993,0,-0.9442,-0.3101,-0.111,0,-0.3161,0.9478,0.0411,0,-0.2923,-0.0182,-0.1028,1]},
{"frame":20,"values":[0.0929,0.0729,-0.993,0,-0.9539,-0.2793,-0.1097,0,-0.2854,0.9574,0.0436,0,-0.2923,-0.0182,-0.1028,1]},
{"frame":21,"values":[0.0933,0.0718,-0.993,0,-0.9629,-0.2473,-0.1083,0,-0.2533,0.9663,0.0461,0,-0.2923,-0.0182,-0.1028,1]},
{"frame":22,"values":[0.0937,0.0706,-0.9931,0,-0.971,-0.2141,-0.1068,0,-0.2202,0.9743,0.0485,0,-0.2923,-0.0182,-0.1028,1]},
{"frame":23,"values":[0.0941,0.0692,-0.9932,0,-0.978,-0.18,-0.1052,0,-0.186,0.9812,0.0508,0,-0.2923,-0.0182,-0.1028,1]},
{"frame":24,"values":[0.0945,0.0677,-0.9932,0,-0.984,-0.1451,-0.1035,0,-0.1511,0.9871,0.0529,0,-0.2923,-0.0182,-0.1028,1]},
{"frame":25,"values":[0.095,0.0659,-0.9933,0,-0.9887,-0.1097,-0.1018,0,-0.1157,0.9918,0.0548,0,-0.2923,-0.0182,-0.1028,1]},
{"frame":26,"values":[0.0954,0.064,-0.9934,0,-0.9922,-0.0741,-0.1001,0,-0.08,0.9952,0.0565,0,-0.2923,-0.0182,-0.1028,1]},
{"frame":27,"values":[0.0958,0.062,-0.9935,0,-0.9944,-0.0385,-0.0983,0,-0.0443,0.9973,0.0579,0,-0.2923,-0.0182,-0.1028,1]},
{"frame":28,"values":[0.0962,0.0597,-0.9936,0,-0.9953,-0.0031,-0.0966,0,-0.0089,0.9982,0.0591,0,-0.2923,-0.0182,-0.1028,1]},
{"frame":29,"values":[0.0966,0.0573,-0.9937,0,-0.995,0.0318,-0.0949,0,0.0261,0.9979,0.0601,0,-0.2923,-0.0182,-0.1028,1]},
{"frame":30,"values":[0.097,0.0547,-0.9938,0,-0.9935,0.0659,-0.0933,0,0.0604,0.9963,0.0607,0,-0.2923,-0.0182,-0.1028,1]},
{"frame":31,"values":[0.0973,0.0519,-0.9939,0,-0.9908,0.0991,-0.0918,0,0.0938,0.9937,0.061,0,-0.2923,-0.0182,-0.1028,1]},
{"frame":32,"values":[0.0976,0.0489,-0.994,0,-0.9872,0.1312,-0.0905,0,0.126,0.9901,0.0611,0,-0.2923,-0.0182,-0.1028,1]},
{"frame":33,"values":[0.0979,0.0457,-0.9942,0,-0.9827,0.162,-0.0893,0,0.157,0.9857,0.0608,0,-0.2923,-0.0182,-0.1028,1]},
{"frame":34,"values":[0.0981,0.0424,-0.9943,0,-0.9776,0.1913,-0.0883,0,0.1865,0.9806,0.0602,0,-0.2923,-0.0182,-0.1028,1]},
{"frame":35,"values":[0.0983,0.0389,-0.9944,0,-0.9718,0.219,-0.0875,0,0.2144,0.9749,0.0593,0,-0.2923,-0.0182,-0.1028,1]},
{"frame":36,"values":[0.0984,0.0352,-0.9945,0,-0.9656,0.2451,-0.0869,0,0.2407,0.9689,0.0581,0,-0.2923,-0.0182,-0.1028,1]},
{"frame":37,"values":[0.0985,0.0313,-0.9946,0,-0.9592,0.2693,-0.0865,0,0.2652,0.9625,0.0566,0,-0.2923,-0.0182,-0.1028,1]},
{"frame":38,"values":[0.0986,0.0273,-0.9948,0,-0.9526,0.2918,-0.0864,0,0.2879,0.9561,0.0548,0,-0.2923,-0.0182,-0.1028,1]},
{"frame":39,"values":[0.0987,0.0232,-0.9949,0,-0.946,0.3124,-0.0865,0,0.3088,0.9497,0.0527,0,-0.2923,-0.0182,-0.1028,1]},
{"frame":40,"values":[0.0987,0.0189,-0.9949,0,-0.9396,0.3311,-0.087,0,0.3278,0.9434,0.0504,0,-0.2923,-0.0182,-0.1028,1]},
{"frame":41,"values":[0.0988,0.0144,-0.995,0,-0.9334,0.3479,-0.0876,0,0.3449,0.9374,0.0478,0,-0.2923,-0.0182,-0.1028,1]},
{"frame":42,"values":[0.0988,0.0098,-0.9951,0,-0.9276,0.3629,-0.0885,0,0.3603,0.9318,0.0449,0,-0.2923,-0.0182,-0.1028,1]},
{"frame":43,"values":[0.0989,0.005,-0.9951,0,-0.9223,0.376,-0.0897,0,0.3737,0.9266,0.0418,0,-0.2923,-0.0182,-0.1028,1]},
{"frame":44,"values":[0.099,0.0001,-0.9951,0,-0.9174,0.3873,-0.0912,0,0.3854,0.922,0.0384,0,-0.2923,-0.0182,-0.1028,1]},
{"frame":45,"values":[0.0991,-0.0049,-0.9951,0,-0.9132,0.3967,-0.0929,0,0.3952,0.9179,0.0348,0,-0.2923,-0.0182,-0.1028,1]},
{"frame":46,"values":[0.0992,-0.0101,-0.995,0,-0.9097,0.4044,-0.0948,0,0.4033,0.9145,0.0309,0,-0.2923,-0.0182,-0.1028,1]},
{"frame":47,"values":[0.0994,-0.0154,-0.9949,0,-0.9068,0.4103,-0.097,0,0.4097,0.9118,0.0268,0,-0.2923,-0.0182,-0.1028,1]},
{"frame":48,"values":[0.0997,-0.0208,-0.9948,0,-0.9047,0.4144,-0.0994,0,0.4143,0.9099,0.0225,0,-0.2923,-0.0182,-0.1028,1]},
{"frame":49,"values":[0.1001,-0.0264,-0.9946,0,-0.9032,0.4168,-0.102,0,0.4173,0.9086,0.0179,0,-0.2923,-0.0182,-0.1028,1]},
{"frame":50,"values":[0.1005,-0.0321,-0.9944,0,-0.9026,0.4176,-0.1048,0,0.4186,0.9081,0.013,0,-0.2923,-0.0182,-0.1028,1]},
{"frame":51,"values":[0.1034,-0.0404,-0.9938,0,-0.9051,0.4106,-0.1109,0,0.4125,0.9109,0.0059,0,-0.2923,-0.0182,-0.1028,1]},
{"frame":52,"values":[0.1113,-0.0538,-0.9923,0,-0.9128,0.3893,-0.1234,0,0.3929,0.9196,-0.0058,0,-0.2923,-0.0182,-0.1028,1]},
{"frame":53,"values":[0.1248,-0.072,-0.9896,0,-0.925,0.3524,-0.1423,0,0.359,0.9331,-0.0226,0,-0.2923,-0.0182,-0.1028,1]},
{"frame":54,"values":[0.1447,-0.0946,-0.9849,0,-0.9397,0.2987,-0.1668,0,0.3099,0.9497,-0.0457,0,-0.2923,-0.0182,-0.1028,1]},
{"frame":55,"values":[0.1721,-0.1206,-0.9777,0,-0.9541,0.2266,-0.1959,0,0.2452,0.9665,-0.0761,0,-0.2923,-0.0182,-0.1028,1]},
{"frame":56,"values":[0.2076,-0.1482,-0.9669,0,-0.9642,0.1355,-0.2278,0,0.1648,0.9796,-0.1148,0,-0.2923,-0.0182,-0.1028,1]},
{"frame":57,"values":[0.2515,-0.175,-0.9519,0,-0.9653,0.0261,-0.2599,0,0.0704,0.9842,-0.1624,0,-0.2923,-0.0182,-0.1028,1]},
{"frame":58,"values":[0.3032,-0.1981,-0.9321,0,-0.9523,-0.0985,-0.2889,0,-0.0346,0.9752,-0.2185,0,-0.2923,-0.0182,-0.1028,1]},
{"frame":59,"values":[0.3608,-0.2144,-0.9077,0,-0.9214,-0.2325,-0.3113,0,-0.1443,0.9487,-0.2814,0,-0.2923,-0.0182,-0.1028,1]},
{"frame":60,"values":[0.4212,-0.2216,-0.8795,0,-0.8713,-0.3682,-0.3245,0,-0.2519,0.903,-0.3482,0,-0.2923,-0.0182,-0.1028,1]},
{"frame":61,"values":[0.4806,-0.2189,-0.8492,0,-0.804,-0.4967,-0.327,0,-0.3502,0.8399,-0.4147,0,-0.2923,-0.0182,-0.1028,1]},
{"frame":62,"values":[0.5356,-0.2071,-0.8187,0,-0.7245,-0.6108,-0.3194,0,-0.4339,0.7642,-0.4772,0,-0.2923,-0.0182,-0.1028,1]},
{"frame":63,"values":[0.5835,-0.1885,-0.79,0,-0.6397,-0.7059,-0.304,0,-0.5003,0.6828,-0.5325,0,-0.2923,-0.0182,-0.1028,1]},
{"frame":64,"values":[0.6229,-0.1662,-0.7644,0,-0.5567,-0.7807,-0.2839,0,-0.5496,0.6024,-0.5789,0,-0.2923,-0.0182,-0.1028,1]},
{"frame":65,"values":[0.6539,-0.1432,-0.7429,0,-0.481,-0.8366,-0.2622,0,-0.584,0.5288,-0.6159,0,-0.2923,-0.0182,-0.1028,1]},
{"frame":66,"values":[0.6771,-0.1218,-0.7257,0,-0.4166,-0.8764,-0.2416,0,-0.6066,0.4659,-0.6442,0,-0.2923,-0.0182,-0.1028,1]},
{"frame":67,"values":[0.6936,-0.104,-0.7128,0,-0.3657,-0.9033,-0.2241,0,-0.6206,0.4162,-0.6646,0,-0.2923,-0.0182,-0.1028,1]},
{"frame":68,"values":[0.7044,-0.0907,-0.7039,0,-0.3294,-0.9203,-0.211,0,-0.6287,0.3805,-0.6782,0,-0.2923,-0.0182,-0.1028,1]},
{"frame":69,"values":[0.7106,-0.0826,-0.6988,0,-0.3077,-0.9296,-0.203,0,-0.6328,0.3593,-0.6859,0,-0.2923,-0.0182,-0.1028,1]},
{"frame":70,"values":[0.7125,-0.0799,-0.6971,0,-0.3006,-0.9325,-0.2003,0,-0.634,0.3523,-0.6884,0,-0.2923,-0.0182,-0.1028,1]},
{"frame":111,"values":[0.7014,-0.0811,-0.7081,0,-0.3131,-0.9276,-0.2039,0,-0.6403,0.3647,-0.676,0,-0.2923,-0.0182,-0.1028,1]},
{"frame":112,"values":[0.6666,-0.0836,-0.7407,0,-0.3512,-0.9117,-0.2132,0,-0.6575,0.4022,-0.6371,0,-0.2923,-0.0182,-0.1028,1]},
{"frame":113,"values":[0.6061,-0.0834,-0.791,0,-0.4136,-0.8825,-0.2239,0,-0.6794,0.4629,-0.5694,0,-0.2923,-0.0182,-0.1028,1]},
{"frame":114,"values":[0.5206,-0.0749,-0.8505,0,-0.4949,-0.8382,-0.2291,0,-0.6958,0.5402,-0.4735,0,-0.2923,-0.0182,-0.1028,1]},
{"frame":115,"values":[0.4173,-0.054,-0.9072,0,-0.5838,-0.7809,-0.2221,0,-0.6964,0.6223,-0.3574,0,-0.2923,-0.0182,-0.1028,1]},
{"frame":116,"values":[0.3106,-0.0215,-0.9503,0,-0.6665,-0.7177,-0.2016,0,-0.6777,0.696,-0.2372,0,-0.2923,-0.0182,-0.1028,1]},
{"frame":117,"values":[0.2164,0.0158,-0.9762,0,-0.7321,-0.6588,-0.173,0,-0.6459,0.7521,-0.131,0,-0.2923,-0.0182,-0.1028,1]},
{"frame":118,"values":[0.146,0.0489,-0.9881,0,-0.7767,-0.613,-0.1451,0,-0.6127,0.7886,-0.0515,0,-0.2923,-0.0182,-0.1028,1]},
{"frame":119,"values":[0.1039,0.0709,-0.9921,0,-0.8014,-0.5847,-0.1257,0,-0.589,0.8081,-0.0039,0,-0.2923,-0.0182,-0.1028,1]},
{"frame":120,"values":[0.0901,0.0785,-0.9928,0,-0.8092,-0.5753,-0.119,0,-0.5805,0.8141,0.0116,0,-0.2923,-0.0182,-0.1028,1]}],"loopBehavior":1,"name":"anim","property":"_matrix"}},
{"name":"Bone.004","index":3,"matrix":[-0.5225,-0.7579,-0.3906,0,0.8484,-0.5079,-0.1494,0,-0.0851,-0.4094,0.9084,0,0.2923,0.8108,-0.091,1],"rest":[-0.1801,0.0783,-0.9805,0,0.8092,0.5785,-0.1024,0,0.5592,-0.8119,-0.1676,0,0.2923,0.8108,-0.091,1],"parentBoneIndex":0,"length":0.7201
,"animation":{"dataType":3,"framePerSecond":24,"keys":[
{"frame":1,"values":[-0.1801,0.0783,-0.9805,0,0.8092,0.5785,-0.1024,0,0.5592,-0.8119,-0.1676,0,0.2923,0.8108,-0.091,1]},
{"frame":2,"values":[-0.1801,0.0783,-0.9805,0,0.8089,0.5789,-0.1024,0,0.5596,-0.8116,-0.1676,0,0.2923,0.8108,-0.091,1]},
{"frame":3,"values":[-0.1801,0.0783,-0.9805,0,0.808,0.5802,-0.1021,0,0.5609,-0.8107,-0.1678,0,0.2923,0.8108,-0.091,1]},
{"frame":4,"values":[-0.1801,0.0783,-0.9805,0,0.8065,0.5824,-0.1017,0,0.5631,-0.8091,-0.168,0,0.2923,0.8108,-0.091,1]},
{"frame":5,"values":[-0.1801,0.0783,-0.9805,0,0.8044,0.5854,-0.1011,0,0.5661,-0.807,-0.1684,0,0.2923,0.8108,-0.091,1]},
{"frame":6,"values":[-0.1801,0.0782,-0.9805,0,0.8017,0.5893,-0.1003,0,0.57,-0.8041,-0.1689,0,0.2923,0.8108,-0.091,1]},
{"frame":7,"values":[-0.1802,0.0782,-0.9805,0,0.7983,0.594,-0.0993,0,0.5747,-0.8006,-0.1694,0,0.2923,0.8108,-0.091,1]},
{"frame":8,"values":[-0.1802,0.0781,-0.9805,0,0.7943,0.5996,-0.0982,0,0.5803,-0.7965,-0.1701,0,0.2923,0.8108,-0.091,1]},
{"frame":9,"values":[-0.1802,0.078,-0.9805,0,0.7895,0.606,-0.0969,0,0.5866,-0.7916,-0.1708,0,0.2923,0.8108,-0.091,1]},
{"frame":10,"values":[-0.1803,0.0778,-0.9805,0,0.7842,0.6132,-0.0955,0,0.5938,-0.7861,-0.1716,0,0.2923,0.8108,-0.091,1]},
{"frame":11,"values":[-0.1803,0.0776,-0.9805,0,0.7781,0.6211,-0.094,0,0.6017,-0.7799,-0.1724,0,0.2923,0.8108,-0.091,1]},
{"frame":12,"values":[-0.1804,0.0773,-0.9805,0,0.7713,0.6298,-0.0922,0,0.6104,-0.7729,-0.1733,0,0.2923,0.8108,-0.091,1]},
{"frame":13,"values":[-0.1805,0.077,-0.9806,0,0.7638,0.6391,-0.0904,0,0.6197,-0.7652,-0.1742,0,0.2923,0.8108,-0.091,1]},
{"frame":14,"values":[-0.1806,0.0766,-0.9806,0,0.7556,0.6491,-0.0884,0,0.6297,-0.7568,-0.1751,0,0.2923,0.8108,-0.091,1]},
{"frame":15,"values":[-0.1808,0.0762,-0.9806,0,0.7466,0.6596,-0.0864,0,0.6402,-0.7477,-0.1761,0,0.2923,0.8108,-0.091,1]},
{"frame":16,"values":[-0.1809,0.0756,-0.9806,0,0.737,0.6707,-0.0842,0,0.6513,-0.7379,-0.1771,0,0.2923,0.8108,-0.091,1]},
{"frame":17,"values":[-0.1811,0.075,-0.9806,0,0.7266,0.6821,-0.082,0,0.6628,-0.7274,-0.178,0,0.2923,0.8108,-0.091,1]},
{"frame":18,"values":[-0.1812,0.0743,-0.9806,0,0.7156,0.694,-0.0797,0,0.6746,-0.7162,-0.1789,0,0.2923,0.8108,-0.091,1]},
{"frame":19,"values":[-0.1814,0.0734,-0.9807,0,0.7039,0.7061,-0.0774,0,0.6868,-0.7043,-0.1798,0,0.2923,0.8108,-0.091,1]},
{"frame":20,"values":[-0.1816,0.0724,-0.9807,0,0.6915,0.7185,-0.075,0,0.6991,-0.6918,-0.1806,0,0.2923,0.8108,-0.091,1]},
{"frame":21,"values":[-0.1818,0.0713,-0.9807,0,0.6786,0.7309,-0.0727,0,0.7117,-0.6787,-0.1813,0,0.2923,0.8108,-0.091,1]},
{"frame":22,"values":[-0.1821,0.0701,-0.9808,0,0.6651,0.7434,-0.0703,0,0.7242,-0.6651,-0.182,0,0.2923,0.8108,-0.091,1]},
{"frame":23,"values":[-0.1823,0.0687,-0.9808,0,0.6511,0.7559,-0.0681,0,0.7368,-0.6511,-0.1825,0,0.2923,0.8108,-0.091,1]},
{"frame":24,"values":[-0.1825,0.0672,-0.9809,0,0.6367,0.7683,-0.0659,0,0.7492,-0.6366,-0.183,0,0.2923,0.8108,-0.091,1]},
{"frame":25,"values":[-0.1828,0.0655,-0.981,0,0.6219,0.7805,-0.0638,0,0.7614,-0.6217,-0.1834,0,0.2923,0.8108,-0.091,1]},
{"frame":26,"values":[-0.183,0.0636,-0.981,0,0.6069,0.7924,-0.0618,0,0.7735,-0.6067,-0.1836,0,0.2923,0.8108,-0.091,1]},
{"frame":27,"values":[-0.1832,0.0616,-0.9811,0,0.5916,0.804,-0.06,0,0.7852,-0.5914,-0.1838,0,0.2923,0.8108,-0.091,1]},
{"frame":28,"values":[-0.1835,0.0594,-0.9812,0,0.5762,0.8153,-0.0584,0,0.7965,-0.576,-0.1838,0,0.2923,0.8108,-0.091,1]},
{"frame":29,"values":[-0.1837,0.057,-0.9813,0,0.5607,0.8261,-0.0569,0,0.8074,-0.5607,-0.1837,0,0.2923,0.8108,-0.091,1]},
{"frame":30,"values":[-0.1839,0.0545,-0.9814,0,0.5453,0.8364,-0.0557,0,0.8178,-0.5454,-0.1835,0,0.2923,0.8108,-0.091,1]},
{"frame":31,"values":[-0.1841,0.0518,-0.9815,0,0.53,0.8463,-0.0548,0,0.8278,-0.5303,-0.1832,0,0.2923,0.8108,-0.091,1]},
{"frame":32,"values":[-0.1842,0.0488,-0.9817,0,0.5149,0.8556,-0.0541,0,0.8372,-0.5154,-0.1828,0,0.2923,0.8108,-0.091,1]},
{"frame":33,"values":[-0.1844,0.0457,-0.9818,0,0.5,0.8643,-0.0537,0,0.8461,-0.5008,-0.1822,0,0.2923,0.8108,-0.091,1]},
{"frame":34,"values":[-0.1845,0.0424,-0.9819,0,0.4856,0.8725,-0.0535,0,0.8545,-0.4867,-0.1816,0,0.2923,0.8108,-0.091,1]},
{"frame":35,"values":[-0.1846,0.039,-0.982,0,0.4716,0.8802,-0.0537,0,0.8623,-0.473,-0.1809,0,0.2923,0.8108,-0.091,1]},
{"frame":36,"values":[-0.1847,0.0353,-0.9822,0,0.458,0.8873,-0.0542,0,0.8695,-0.4599,-0.1801,0,0.2923,0.8108,-0.091,1]},
{"frame":37,"values":[-0.1848,0.0315,-0.9823,0,0.4451,0.8938,-0.0551,0,0.8762,-0.4474,-0.1792,0,0.2923,0.8108,-0.091,1]},
{"frame":38,"values":[-0.1848,0.0275,-0.9824,0,0.4327,0.8998,-0.0563,0,0.8824,-0.4355,-0.1782,0,0.2923,0.8108,-0.091,1]},
{"frame":39,"values":[-0.1848,0.0233,-0.9825,0,0.421,0.9052,-0.0578,0,0.888,-0.4243,-0.1771,0,0.2923,0.8108,-0.091,1]},
{"frame":40,"values":[-0.1849,0.0189,-0.9826,0,0.41,0.9101,-0.0596,0,0.8931,-0.4139,-0.176,0,0.2923,0.8108,-0.091,1]},
{"frame":41,"values":[-0.1849,0.0143,-0.9827,0,0.3998,0.9145,-0.0619,0,0.8978,-0.4043,-0.1748,0,0.2923,0.8108,-0.091,1]},
{"frame":42,"values":[-0.1848,0.0096,-0.9827,0,0.3903,0.9184,-0.0644,0,0.9019,-0.3955,-0.1735,0,0.2923,0.8108,-0.091,1]},
{"frame":43,"values":[-0.1848,0.0047,-0.9828,0,0.3816,0.9219,-0.0673,0,0.9057,-0.3875,-0.1722,0,0.2923,0.8108,-0.091,1]},
{"frame":44,"values":[-0.1848,-0.0003,-0.9828,0,0.3738,0.9248,-0.0706,0,0.9089,-0.3804,-0.1708,0,0.2923,0.8108,-0.091,1]},
{"frame":45,"values":[-0.1848,-0.0056,-0.9828,0,0.3667,0.9274,-0.0742,0,0.9118,-0.3741,-0.1694,0,0.2923,0.8108,-0.091,1]},
{"frame":46,"values":[-0.1848,-0.011,-0.9827,0,0.3605,0.9295,-0.0782,0,0.9142,-0.3688,-0.1678,0,0.2923,0.8108,-0.091,1]},
{"frame":47,"values":[-0.1848,-0.0165,-0.9826,0,0.3552,0.9311,-0.0825,0,0.9163,-0.3643,-0.1662,0,0.2923,0.8108,-0.091,1]},
{"frame":48,"values":[-0.1849,-0.0222,-0.9825,0,0.3508,0.9324,-0.0871,0,0.918,-0.3607,-0.1646,0,0.2923,0.8108,-0.091,1]},
{"frame":49,"values":[-0.185,-0.0281,-0.9823,0,0.3472,0.9333,-0.0921,0,0.9194,-0.3581,-0.1629,0,0.2923,0.8108,-0.091,1]},
{"frame":50,"values":[-0.1851,-0.0341,-0.9821,0,0.3444,0.9337,-0.0974,0,0.9204,-0.3563,-0.161,0,0.2923,0.8108,-0.091,1]},
{"frame":51,"values":[-0.1834,-0.0451,-0.982,0,0.3482,0.9312,-0.1078,0,0.9193,-0.3617,-0.1551,0,0.2923,0.8108,-0.091,1]},
{"frame":52,"values":[-0.1784,-0.066,-0.9817,0,0.3646,0.9223,-0.1283,0,0.9139,-0.3808,-0.1404,0,0.2923,0.8108,-0.091,1]},
{"frame":53,"values":[-0.1704,-0.0977,-0.9805,0,0.394,0.9053,-0.1587,0,0.9032,-0.4134,-0.1158,0,0.2923,0.8108,-0.091,1]},
{"frame":54,"values":[-0.1606,-0.1408,-0.9769,0,0.4367,0.8775,-0.1983,0,0.8851,-0.4585,-0.0795,0,0.2923,0.8108,-0.091,1]},
{"frame":55,"values":[-0.1507,-0.1959,-0.969,0,0.4924,0.835,-0.2454,0,0.8572,-0.5141,-0.0293,0,0.2923,0.8108,-0.091,1]},
{"frame":56,"values":[-0.1431,-0.2628,-0.9542,0,0.5595,0.7738,-0.297,0,0.8164,-0.5764,0.0363,0,0.2923,0.8108,-0.091,1]},
{"frame":57,"values":[-0.1409,-0.3397,-0.9299,0,0.6347,0.6899,-0.3482,0,0.7598,-0.6393,0.1184,0,0.2923,0.8108,-0.091,1]},
{"frame":58,"values":[-0.1475,-0.4229,-0.8941,0,0.7125,0.5815,-0.3926,0,0.686,-0.695,0.2156,0,0.2923,0.8108,-0.091,1]},
{"frame":59,"values":[-0.1655,-0.5067,-0.8461,0,0.7858,0.4507,-0.4236,0,0.5959,-0.7349,0.3236,0,0.2923,0.8108,-0.091,1]},
{"frame":60,"values":[-0.1957,-0.5845,-0.7875,0,0.8472,0.3037,-0.4359,0,0.494,-0.7524,0.4357,0,0.2923,0.8108,-0.091,1]},
{"frame":61,"values":[-0.2365,-0.6501,-0.7221,0,0.8912,0.1509,-0.4278,0,0.3871,-0.7447,0.5436,0,0.2923,0.8108,-0.091,1]},
{"frame":62,"values":[-0.2843,-0.6999,-0.6553,0,0.916,0.0036,-0.4012,0,0.2832,-0.7143,0.64,0,0.2923,0.8108,-0.091,1]},
{"frame":63,"values":[-0.3344,-0.7334,-0.5919,0,0.9233,-0.129,-0.3618,0,0.189,-0.6675,0.7203,0,0.2923,0.8108,-0.091,1]},
{"frame":64,"values":[-0.3823,-0.7529,-0.5357,0,0.9176,-0.2412,-0.316,0,0.1087,-0.6124,0.7831,0,0.2923,0.8108,-0.091,1]},
{"frame":65,"values":[-0.425,-0.7619,-0.4888,0,0.9041,-0.3312,-0.27,0,0.0438,-0.5566,0.8296,0,0.2923,0.8108,-0.091,1]},
{"frame":66,"values":[-0.4605,-0.7642,-0.4516,0,0.8876,-0.3999,-0.2284,0,-0.006,-0.5061,0.8625,0,0.2923,0.8108,-0.091,1]},
{"frame":67,"values":[-0.488,-0.763,-0.424,0,0.8718,-0.4496,-0.1944,0,-0.0423,-0.4645,0.8846,0,0.2923,0.8108,-0.091,1]},
{"frame":68,"values":[-0.5074,-0.7606,-0.4051,0,0.8592,-0.4829,-0.1695,0,-0.0667,-0.434,0.8985,0,0.2923,0.8108,-0.091,1]},
{"frame":69,"values":[-0.5188,-0.7587,-0.3941,0,0.8511,-0.5018,-0.1544,0,-0.0806,-0.4155,0.906,0,0.2923,0.8108,-0.091,1]},
{"frame":70,"values":[-0.5225,-0.7579,-0.3906,0,0.8484,-0.5079,-0.1494,0,-0.0851,-0.4094,0.9084,0,0.2923,0.8108,-0.091,1]},
{"frame":111,"values":[-0.5103,-0.7554,-0.4112,0,0.8565,-0.4897,-0.1633,0,-0.078,-0.4355,0.8968,0,0.2923,0.8108,-0.091,1]},
{"frame":112,"values":[-0.4729,-0.7426,-0.4741,0,0.8795,-0.4305,-0.203,0,-0.0533,-0.513,0.8567,0,0.2923,0.8108,-0.091,1]},
{"frame":113,"values":[-0.4117,-0.7048,-0.5777,0,0.9113,-0.3205,-0.2584,0,-0.003,-0.6329,0.7742,0,0.2923,0.8108,-0.091,1]},
{"frame":114,"values":[-0.3348,-0.6214,-0.7084,0,0.9388,-0.1553,-0.3075,0,0.081,-0.768,0.6353,0,0.2923,0.8108,-0.091,1]},
{"frame":115,"values":[-0.2603,-0.4831,-0.8359,0,0.9455,0.048,-0.3222,0,0.1958,-0.8742,0.4443,0,0.2923,0.8108,-0.091,1]},
{"frame":116,"values":[-0.2076,-0.3107,-0.9276,0,0.9242,0.2483,-0.29,0,0.3204,-0.9175,0.2356,0,0.2923,0.8108,-0.091,1]},
{"frame":117,"values":[-0.1827,-0.1454,-0.9724,0,0.8851,0.4062,-0.227,0,0.428,-0.9021,0.0545,0,0.2923,0.8108,-0.091,1]},
{"frame":118,"values":[-0.177,-0.0199,-0.984,0,0.8456,0.5084,-0.1624,0,0.5035,-0.8609,-0.0732,0,0.2923,0.8108,-0.091,1]},
{"frame":119,"values":[-0.1788,0.0543,-0.9824,0,0.8186,0.5622,-0.1178,0,0.5459,-0.8252,-0.145,0,0.2923,0.8108,-0.091,1]},
{"frame":120,"values":[-0.1801,0.0783,-0.9805,0,0.8092,0.5785,-0.1024,0,0.5592,-0.8119,-0.1676,0,0.2923,0.8108,-0.091,1]}],"loopBehavior":1,"name":"anim","property":"_matrix"}},
{"name":"Bone.005","index":4,"matrix":[0.4365,-0.6403,-0.632,0,-0.8794,-0.4519,-0.1496,0,-0.1898,0.6211,-0.7604,0,-0.2923,0.8108,-0.091,1],"rest":[0.1801,0.0783,-0.9805,0,-0.8092,0.5785,-0.1024,0,0.5592,0.8119,0.1676,0,-0.2923,0.8108,-0.091,1],"parentBoneIndex":0,"length":0.7201
,"animation":{"dataType":3,"framePerSecond":24,"keys":[
{"frame":1,"values":[0.1801,0.0783,-0.9805,0,-0.8092,0.5785,-0.1024,0,0.5592,0.8119,0.1676,0,-0.2923,0.8108,-0.091,1]},
{"frame":2,"values":[0.1801,0.0783,-0.9805,0,-0.8089,0.5789,-0.1024,0,0.5596,0.8116,0.1676,0,-0.2923,0.8108,-0.091,1]},
{"frame":3,"values":[0.1801,0.0783,-0.9805,0,-0.8081,0.5802,-0.1021,0,0.5609,0.8107,0.1678,0,-0.2923,0.8108,-0.091,1]},
{"frame":4,"values":[0.1801,0.0783,-0.9805,0,-0.8066,0.5823,-0.1017,0,0.563,0.8092,0.168,0,-0.2923,0.8108,-0.091,1]},
{"frame":5,"values":[0.1801,0.0783,-0.9805,0,-0.8046,0.5852,-0.1011,0,0.5659,0.8071,0.1684,0,-0.2923,0.8108,-0.091,1]},
{"frame":6,"values":[0.1801,0.0782,-0.9805,0,-0.8019,0.589,-0.1003,0,0.5696,0.8044,0.1688,0,-0.2923,0.8108,-0.091,1]},
{"frame":7,"values":[0.1802,0.0782,-0.9805,0,-0.7986,0.5935,-0.0994,0,0.5742,0.801,0.1694,0,-0.2923,0.8108,-0.091,1]},
{"frame":8,"values":[0.1802,0.0781,-0.9805,0,-0.7947,0.5989,-0.0984,0,0.5796,0.797,0.17,0,-0.2923,0.8108,-0.091,1]},
{"frame":9,"values":[0.1802,0.078,-0.9805,0,-0.7902,0.6051,-0.0971,0,0.5858,0.7923,0.1707,0,-0.2923,0.8108,-0.091,1]},
{"frame":10,"values":[0.1803,0.0778,-0.9805,0,-0.785,0.6121,-0.0957,0,0.5927,0.7869,0.1714,0,-0.2923,0.8108,-0.091,1]},
{"frame":11,"values":[0.1803,0.0776,-0.9805,0,-0.7791,0.6198,-0.0942,0,0.6004,0.7809,0.1722,0,-0.2923,0.8108,-0.091,1]},
{"frame":12,"values":[0.1804,0.0774,-0.9805,0,-0.7725,0.6282,-0.0926,0,0.6088,0.7742,0.1731,0,-0.2923,0.8108,-0.091,1]},
{"frame":13,"values":[0.1805,0.0771,-0.9805,0,-0.7653,0.6373,-0.0908,0,0.6179,0.7668,0.174,0,-0.2923,0.8108,-0.091,1]},
{"frame":14,"values":[0.1806,0.0767,-0.9806,0,-0.7573,0.6469,-0.0889,0,0.6275,0.7587,0.1749,0,-0.2923,0.8108,-0.091,1]},
{"frame":15,"values":[0.1807,0.0762,-0.9806,0,-0.7487,0.6572,-0.0869,0,0.6378,0.7499,0.1759,0,-0.2923,0.8108,-0.091,1]},
{"frame":16,"values":[0.1809,0.0757,-0.9806,0,-0.7394,0.6679,-0.0848,0,0.6485,0.7404,0.1768,0,-0.2923,0.8108,-0.091,1]},
{"frame":17,"values":[0.181,0.0751,-0.9806,0,-0.7294,0.6791,-0.0827,0,0.6597,0.7302,0.1777,0,-0.2923,0.8108,-0.091,1]},
{"frame":18,"values":[0.1812,0.0744,-0.9806,0,-0.7188,0.6906,-0.0804,0,0.6712,0.7194,0.1786,0,-0.2923,0.8108,-0.091,1]},
{"frame":19,"values":[0.1814,0.0736,-0.9807,0,-0.7075,0.7024,-0.0782,0,0.683,0.708,0.1795,0,-0.2923,0.8108,-0.091,1]},
{"frame":20,"values":[0.1816,0.0726,-0.9807,0,-0.6956,0.7144,-0.0759,0,0.6951,0.696,0.1802,0,-0.2923,0.8108,-0.091,1]},
{"frame":21,"values":[0.1818,0.0716,-0.9807,0,-0.6831,0.7266,-0.0736,0,0.7073,0.6834,0.181,0,-0.2923,0.8108,-0.091,1]},
{"frame":22,"values":[0.182,0.0704,-0.9808,0,-0.6702,0.7388,-0.0714,0,0.7195,0.6703,0.1816,0,-0.2923,0.8108,-0.091,1]},
{"frame":23,"values":[0.1823,0.069,-0.9808,0,-0.6567,0.751,-0.0692,0,0.7318,0.6567,0.1822,0,-0.2923,0.8108,-0.091,1]},
{"frame":24,"values":[0.1825,0.0675,-0.9809,0,-0.6428,0.7631,-0.0671,0,0.7439,0.6428,0.1827,0,-0.2923,0.8108,-0.091,1]},
{"frame":25,"values":[0.1827,0.0659,-0.9809,0,-0.6286,0.775,-0.065,0,0.7559,0.6285,0.1831,0,-0.2923,0.8108,-0.091,1]},
{"frame":26,"values":[0.183,0.0641,-0.981,0,-0.6141,0.7867,-0.0631,0,0.7677,0.614,0.1833,0,-0.2923,0.8108,-0.091,1]},
{"frame":27,"values":[0.1832,0.0622,-0.9811,0,-0.5994,0.7981,-0.0614,0,0.7792,0.5994,0.1835,0,-0.2923,0.8108,-0.091,1]},
{"frame":28,"values":[0.1835,0.06,-0.9812,0,-0.5846,0.8091,-0.0598,0,0.7903,0.5846,0.1835,0,-0.2923,0.8108,-0.091,1]},
{"frame":29,"values":[0.1837,0.0577,-0.9813,0,-0.5697,0.8197,-0.0584,0,0.801,0.5698,0.1835,0,-0.2923,0.8108,-0.091,1]},
{"frame":30,"values":[0.1839,0.0552,-0.9814,0,-0.5549,0.8299,-0.0573,0,0.8113,0.5551,0.1833,0,-0.2923,0.8108,-0.091,1]},
